368
371
376
381
384
380
383
387
389
386
385
382
381
377
375
373
375
375
379
379
377
376
373
373
373
373
372
372
375
376
375
376
379
380
379
381
380
379
377
373
374
375
374
375
375
382
390
387
383
380
375
379
377
375
372
371
371
370
372
373
377
382
388
392
386
389
386
390
391
394
394
393
394
391
391
389
385
381
384
381
382
386
389
394
396
397
394
394
393
392
390
385
385
383
380
378
379
379
377
380
388
402
412
419
420
422
422
415
413
408
405
401
393
392
391
389
389
392
395
397
397
399
403
405
407
407
407
407
406
404
401
396
394
393
390
386
384
387
390
391
394
395
396
402
401
401
403
402
401
401
400
397
395
391
390
391
389
389
393
402
410
414
414
420
417
416
413
411
406
404
402
398
396
392
392
393
398
405
405
407
423
446
464
447
440
436
435
424
417
412
408
407
404
403
407
407
408
408
409
409
405
403
400
399
394
395
393
394
395
398
399
401
400
396
396
396
394
395
396
401
403
405
407
406
404
405
401
395
396
395
393
396
400
411
432
440
438
433
434
434
428
420
409
410
408
405
401
400
402
403
405
406
407
408
403
402
402
399
396
396
396
395
395
395
396
394
394
393
396
395
395
401
409
422
427
429
430
427
427
419
415
407
405
405
402
400
399
400
398
399
398
398
401
403
412
407
406
408
409
410
419
429
430
422
427
428
428
428
424
424
424
420
417
414
418
419
421
421
421
419
425
433
437
438
432
430
427
424
428
431
433
438
436
432
429
425
422
415
415
413
409
408
409
413
416
424
430
433
435
434
433
431
427
424
421
421
427
435
443
444
442
454
460
456
448
448
445
443
439
438
436
436
431
429
429
429
436
440
444
448
450
447
444
440
437
435
432
427
425
422
419
424
448
470
479
490
507
502
489
472
463
460
452
451
454
457
452
448
444
438
434
430
427
424
420
417
415
414
414
418
424
436
470
535
543
518
504
502
504
495
477
466
458
454
454
461
459
456
451
443
439
437
434
432
433
436
439
441
438
433
431
432
433
435
434
435
433
432
431
427
427
425
431
437
443
441
450
454
452
447
442
440
439
439
436
434
431
425
424
422
418
417
417
424
434
440
445
443
436
433
431
425
423
420
417
417
419
420
424
423
425
428
443
463
473
458
460
459
455
450
446
439
437
429
426
424
421
420
419
414
413
408
407
408
407
408
413
416
417
416
412
412
410
409
407
406
403
401
401
397
396
398
397
398
406
417
415
432
439
446
451
457
452
447
448
437
432
426
422
417
414
410
405
405
404
403
403
405
413
418
423
424
423
426
421
418
414
412
410
408
407
406
409
413
412
408
409
411
412
414
411
413
415
420
422
418
418
421
416
417
418
416
412
411
413
416
421
426
431
429
427
426
424
416
415
414
411
408
406
408
412
411
415
415
419
414
410
413
414
418
421
420
417
414
411
409
407
404
404
401
401
397
399
402
402
405
405
409
408
411
411
412
415
418
413
413
415
414
414
412
408
406
402
403
400
400
404
411
419
431
440
444
445
445
441
432
432
429
422
419
413
409
406
405
404
408
412
425
433
436
434
428
434
442
451
444
439
443
446
444
441
436
431
432
430
430
426
423
421
420
417
417
416
417
414
414
413
412
412
409
409
409
409
407
408
410
412
418
424
430
427
427
426
424
422
418
415
414
413
417
423
429
437
444
446
446
437
433
433
428
430
425
426
424
423
423
420
420
424
426
432
432
428
423
421
418
414
415
418
418
423
436
440
440
439
435
431
427
425
424
425
426
426
423
424
425
433
437
442
442
437
434
432
431
429
427
426
425
424
422
419
419
418
416
418
417
416
420
420
419
416
416
415
413
414
417
420
419
419
419
417
416
417
416
419
421
424
427
432
434
438
431
431
433
440
457
461
461
450
446
444
445
447
447
446
442
442
441
436
434
432
429
428
426
428
431
437
440
445
448
443
443
446
444
438
438
437
435
434
433
431
428
426
424
423
421
418
420
421
434
457
472
496
480
501
511
518
498
483
469
460
454
447
443
438
435
431
422
422
419
416
421
435
443
447
450
455
456
457
452
448
441
434
432
428
425
424
430
430
444
455
471
469
467
467
460
457
454
447
442
438
436
434
437
439
446
448
445
442
440
437
434
427
425
422
425
437
466
504
511
517
507
484
477
460
455
449
444
438
433
429
425
423
419
417
416
416
428
454
494
516
507
482
482
487
480
465
462
465
463
456
453
450
444
439
438
436
436
439
442
442
441
442
444
449
454
450
446
444
447
450
456
456
461
464
463
460
453
446
444
439
435
435
435
439
446
454
454
450
456
458
464
462
457
455
456
455
454
453
447
446
443
442
446
446
446
447
454
461
457
450
447
445
443
437
433
433
432
438
446
450
444
441
442
441
440
443
442
440
438
435
431
428
424
420
419
413
411
410
409
415
433
454
461
461
444
435
430
427
421
416
414
412
409
410
417
427
448
475
486
479
471
456
447
441
436
430
424
420
416
413
409
409
408
405
407
407
412
415
417
420
423
436
442
449
442
439
435
431
425
421
418
416
418
438
464
501
498
526
557
526
495
492
487
479
476
472
471
464
457
454
456
457
460
459
455
453
451
453
451
457
458
454
454
456
455
459
456
452
445
445
447
451
454
456
454
451
447
446
444
444
443
440
439
440
442
449
460
474
475
477
471
467
466
458
452
450
447
445
445
451
453
448
448
453
460
464
469
468
467
462
455
451
446
449
447
452
454
457
469
470
472
466
461
452
448
442
439
438
441
444
443
446
444
443
442
441
438
438
438
440
442
447
446
442
438
438
432
432
436
445
460
473
472
491
498
508
497
484
478
477
478
474
473
471
470
466
460
456
453
454
453
459
457
451
452
450
449
449
445
442
439
438
438
437
438
442
449
441
440
444
444
443
442
441
441
441
439
442
441
443
447
454
459
460
460
457
457
461
459
453
449
447
445
444
453
461
477
484
490
493
494
490
485
479
479
475
472
467
468
475
480
479
479
472
468
467
463
460
455
454
451
455
458
461
461
464
461
461
467
468
463
467
472
473
469
464
460
454
450
445
440
436
431
428
422
426
434
462
506
589
544
531
548
538
536
545
525
490
480
471
463
457
448
447
442
438
435
434
434
433
431
431
429
427
424
425
422
422
424
424
433
440
466
495
503
501
490
487
498
495
484
471
466
460
459
453
448
445
442
440
445
458
467
463
458
454
448
441
438
435
433
433
433
431
429
427
426
425
424
422
425
422
422
421
423
427
434
437
433
430
427
428
425
424
423
421
422
430
447
472
475
474
492
507
492
485
480
474
471
463
461
456
456
455
454
455
454
463
462
461
461
458
457
458
457
454
448
447
449
456
469
472
474
472
466
459
453
449
448
445
446
450
454
461
461
459
463
464
464
460
460
453
450
443
440
438
438
443
454
479
497
510
510
515
510
502
492
482
478
470
464
458
453
450
446
446
446
450
456
462
461
461
483
496
504
503
507
498
491
482
473
462
450
445
440
437
433
433
435
441
463
489
494
497
503
503
488
486
487
487
481
477
471
464
462
464
469
472
471
468
464
462
462
461
464
464
462
458
454
452
447
444
442
438
438
436
437
440
444
449
454
455
448
450
454
455
453
450
447
446
449
446
444
443
443
448
454
456
461
460
454
453
454
456
453
451
452
448
451
454
458
457
455
452
447
444
442
438
435
435
433
433
440
444
453
456
467
477
479
472
469
462
457
454
456
460
462
469
470
473
474
477