504
497
491
502
364
745
540
506
510
522
534
527
545
517
498
367
619
498
492
361
585
477
469
360
541
462
451
355
562
470
468
510
654
629
604
609
617
618
581
570
551
559
544
518
506
499
489
363
572
479
471
476
497
525
531
525
517
503
484
370
569
473
465
463
463
360
555
472
503
610
651
634
594
547
526
531
527
513
506
528
584
612
590
658
646
646
618
594
590
554
540
530
503
370
597
487
486
492
496
498
493
355
592
481
479
496
504
505
515
541
560
556
541
523
513
502
484
361
573
471
476
486
510
557
702
688
675
650
611
561
542
521
513
519
556
619
596
624
644
634
601
552
556
555
614
682
684
627
620
630
603
585
566
542
517
502
490
479
468
369
538
455
455
468
483
502
538
632
686
650
660
606
561
599
607
641
615
569
523
515
532
552
553
536
524
545
546
522
524
511
495
493
507
531
572
551
554
581
598
589
614
612
678
663
594
561
547
538
526
513
504
490
483
477
357
557
465
454
358
539
460
483
808
670
688
685
680
733
737
727
722
730
696
636
578
566
572
573
568
537
541
521
507
496
488
475
353
572
470
463
461
467
482
509
511
508
496
486
476
468
460
456
456
464
513
585
636
666
653
680
626
577
565
544
530
510
501
486
478
473
477
482
482
478
353
653
507
493
482
493
502
512
534
542
561
553
542
531
511
495
490
490
497
490
493
491
502
514
504
511
510
501
496
483
479
468
460
458
352
549
465
489
570
683
683
670
653
624
579
532
507
493
493
493
491
485
486
504
536
533
541
574
644
673
623
598
626
626
594
597
599
566
555
547
557
545
537
529
518
363
599
483
472
475
480
351
588
474
470
469
468
467
484
557
694
707
705
676
661
625
577
555
552
555
533
527
522
512
509
499
493
479
478
468
466
467
348
582
472
464
467
465
481
513
536
563
606
635
639
542
524
546
610
641
689
669
594
573
573
555
533
509
502
490
484
475
358
557
464
456
452
455
345
588
470
476
521
549
563
544
589
610
796
715
658
614
599
565
543
521
517
498
492
485
475
473
466
467
474
479
491
509
500
496
523
1200
596
583
639
646
603
593
641
652
654
603
568
535
523
540
561
548
547
553
573
567
547
544
555
587
568
557
552
559
559
563
546
532
545
365
808
579
563
603
714
729
684
672
645
628
625
591
615
668
696
669
683
692
650
633
651
639
656
664
642
608
612
621
642
623
620
650
664
634
589
573
374
785
571
529
510
523
362
733
544
541
552
531
541
572
594
585
569
558
545
535
528
520
506
496
361
582
481
470
471
481
491
502
526
526
532
593
617
639
609
594
584
586
568
581
585
604
586
566
563
535
520
513
515
517
529
566
579
589
604
583
561
541
517
504
491
486
354
584
478
475
487
507
518
553
594
658
665
687
675
649
625
585
552
536
525
533
556
571
588
559
575
612
604
563
559
562
567
567
556
540
523
503
371
579
483
482
493
355
622
489
528
629
660
641
595
643
671
715
684
617
581
559
537
549
564
601
575
588
576
571
544
535
531
365
705
531
522
522
373
621
511
539
594
621
638
670
646
610
585
561
539
522
515
510
507
502
494
490
489
501
524
567
570
580
601
609
615
599
566
539
521
510
506
509
515
507
502
507
524
562
648
619
545
543
554
594
600
606
636
613
585
570
562
544
532
544
561
585
573
553
564
570
574
575
563
547
540
527
520
366
632
513
531
559
581
623
695
786
820
769
741
690
647
652
685
679
706
686
648
637
649
637
636
674
723
694
697
712
709
678
672
647
632
624
595
574
572
582
383
755
579
598
650
652
673
715
689
649
613
594
569
561
555
561
568
560
548
527
519
506
497
493
487
486
496
511
534
561
594
586
592
616
701
697
653
605
575
570
557
539
524
516
520
527
531
533
532
541
582
626
630
664
693
679
679
660
635
622
605
560
551
553
549
560
559
554
561
564
565
553
531
522
519
526
554
602
611
621
684
741
695
641
624
616
604
598
591
572
546
537
539
570
625
671
728
796
730
718
746
798
738
694
686
643
594
597
612
625
623
609
625
607
586
572
583
384
850
620
610
627
672
699
710
685
696
692
658
633
632
668
658
632
628
615
609