491
524
597
604
644
608
582
541
515
495
480
473
464
464
465
476
495
519
521
509
492
479
473
466
469
471
481
489
484
475
469
462
456
452
445
443
436
436
430
427
424
431
463
512
581
614
605
585
600
578
576
558
541
534
518
506
491
482
475
468
463
457
455
449
445
443
446
456
471
475
476
485
491
488
479
475
472
470
461
456
451
457
471
478
485
485
489
480
479
480
469
466
459
469
485
515
539
552
546
545
539
545
525
517
500
489
479
469
466
472
469
478
472
467
474
475
475
479
513
575
594
598
596
556
536
521
504
491
484
480
483
482
476
470
467
463
460
456
451
452
467
484
510
518
510
502
490
486
486
486
492
487
481
479
477
481
485
491
489
484
489
488
482
483
478
472
472
476
467
469
493
532
581
595
596
563
553
531
516
503
494
490
492
515
504
509
528
520
518
519
542
567
575
597
593
588
575
560
556
541
527
512
499
484
477
465
460
462
480
509
550
563
590
627
610
602
589
571
557
536
524
506
499
495
496
490
488
485
479
469
463
461
452
447
444
462
506
557
598
597
563
558
537
522
502
496
491
480
473
464
460
467
483
506
515
575
569
558
545
536
529
516
507
495
485
477
467
461
463
479
521
502
495
527
542
537
562
588
603
594
589
570
552
533
530
511
504
498
499
490
488
485
478
470
464
460
454
457
465
481
501
524
535
564
675
642
602
540
517
507
508
509
517
508
512
514
520
517
528
508
496
495
505
522
526
548
579
663
656
596
555
539
533
528
535
537
517
507
501
498
505
503
513
517
518
528
544
548
539
531
527
532
535
533
521
518
512
516
540
563
557
555
578
576
563
558
550
533
521
523
520
517
521
519
518
515
505
497
498
498
499
495
490
482
477
470
475
480
507
521
532
532
533
520
521
522
514
505
497
486
478
471
467
467
483
512
511
490
490
498
505
536
550
536
521
503
494
482
477
481
495
510
499
503
509
527
543
544
532
525
512
502
495
487
483
477
469
462
460
458
467
480
486
495
523
565
597
659
670
675
616
572
532
516
509
506
505
507
505
509
513
520
529
536
539
539
531
538
537
522
509
507
515
537
534
528
521
518
511
502
492
480
475
467
462
472
504
584
703
691
678
659
619
563
560
539
538
523
525
512
505
496
487
482
475
472
469
467
465
475
502
569
639
662
651
681
695
701
677
616
573
560
547
540
529
521
523
517
510
509
502
497
493
486
483
489
491
495
515
537
535
533
535
527
519
513
507
502
497
488
486
479
473
468
463
457
455
451
455
488
539
619
674
661
617
575
550
541
526
515
500
488
479
483
497
512
493
495
491
502
503
507
509
515
517
511
501
490
483
482
479
480
479
478
474
472
487
508
494
504
522
529
530
527
532
524
515
506
499
500
493
491
487
486
482
479
481
502
543
621
628
622
611
579
545
523
509
492
486
480
474
471
468
464
461
463
472
473
488
538
608
671
651
638
613
572
543
527
524
543
549
537
524
521
521
509
499
497
500
512
538
551
554
549
547
534
533
536
543
547
527
521
530
541
554
609
623
630
622
619
616
608
587
566
547
530
520
518
509
501
498
508
518
535
554
592
616
623
617
601
579
555
537
530
532
538
539
540
540
531
531
527
520
517
523
545
565
569
566
539
529
529
525
526
534
533
537
538
538
531
523
518
513
515
507
501
498
493
495
516
559
584
596
577
573
561
554
544
550
545
523
511
498
489
495
492
493
544
602
620
609
612
580
572
550
535
531
530
538
534
518
509
494
479
471
462
464
465
482
485
499
554
562
551
571
535
550
550
554
547
531
520
512
507
496
489
485
479
475
473
482
498
500
493
489
492
521
550
568
572
532
541
542
525
523
517
519
524
514
522
553
587
604
592
573
546
526
522
527
534
544
577
586
557
549
548
551
539
536
515
506
497
499
496
521
574
584
617
663
647
627
595
572
554
536
537
534
531
526
521
512
502
492
495
501
517
528
568
590
572
525
554
553
553
617
634
631
595
580
573
564
561
556
561
552
546
544
547
553
581
619
611
585
591
593
581
564
556
550
547
545
538
532
532
559
604
604
615
612
593
586
577
549
531
523
521
519
521
522
519
515
512
504
500
496
500
491
492
511
537
512
509
521
536
537
534
535
524
511
503
495
489
481
481
488
502
509
528
535
522
542
537
518
510
500
497
505
583
647
678
653
580
600
637
649
623
607
597
589
581
567
559
556
557
565
614
639
647
632
607
596
572
563
562
568
584
575
562
550
564
574
567
549
548
557
571
565
563
564
573
566
556
555
562
579
630
714
696
678
646
602
572
560
552
551
563
582
622
676
643
592
561
540
528
520
515
511
521
522
531
528
521
511
506
509
507
524
521
522
513
514
520
530
535
534
537
513
507
509
504
516
522
520
513
521
537
540
534
522
518
510
510
515
529
573
606
622
586
565
542
522
514
512
510
516
523
555
585
609
623
629
634
623
617
598
581
562
546
542
543
553
565
618
656
657
623
605
611
613
609
592
573
585
581
580
580
587
604
623
604
606
605
590
571
563
561
549
534
528
528
544
556
561
558
573
612
672
686
686
673
612
589
581
572
563
568
560
550
544
540
546
548
541
524
524
531
543
595
662
659
643
635
579
579
589
591
592
583
561
553
542
541
540
554
557
559
572
583
594
617
603
563
542
537
528
529
537
528
523
525
543
566
569
576
567
558
551
537
526
523
515
507
501
498
506
548
632
616
653
641
635
629
600
580
563
549
533
519
509
498
495
496
494
505
506
501
514
522
533
538
554
606
661
714
728
727
722
705
669
637
613
597
584
568
550
536
522
509
502
496
508
525
553
578
590
583
565
569
556
549
533
523
524
526
537
522
516
516
519
526
527
533
523
524
514
504
505
516
516
521
522
521
520
504
500
490
485
490
497
515
522
529
541
547
545
541
519
520
515
509
504
501
497
493
491
492
486
498
521
555
614
691
686
626
648
664
646
630
612
589
568
557
557
569
599
622
618
606
589
595
594
596
604
595
581
587
595
579
592
604
609
585
569
576
574
565
573
575
564
548
549
569
609
607
579
562
567
567
540
532
526
525
530
529
538
545
576
587
587
571
550
542
533
525
515
509
502
493
488
481
476
472
473
507
553
594
627
608
547
537
552
551
552
541
542
535
529
521
515
509
502
496
488
483
482
484
518
627
672
661
647
606
587
566
555
534
521
507
499
490
487
483
480
483
480
481
495
525
570
645
630
608
584
542
537
548
565
566
563
564
560
572
578
598
608
599
596
592
592
594
613
635
613
595
569
560
550
534
523
533
545
556
562
544
530
524
526
537
562
558
558
549
548
551
547
538
537
529
531
534
540
566
620
683
634
588
573
574
571
568
557
545
537
523
518
532
568
600
652
664
656
646
629
609
591
578
565
563
563
570
574
563
561
568
589
588
575
577
582
582
586
590
580
561
546
536
542
529
527
537
532
522
514
507
502
491
489
484
481
511
552
588
632
590
559
566
571
580
573
566
553
545
532
523
517
515
510
501
495
511
556
586
682
637
583
574
572
560
548
543
533
524
518
511
504
500
492
488
500
545
606
618
664
634
607
562
547
532
520
505
494
490
498
535
592
575
566
552
533
536
529
536
537
534
529
532
544
563
580
610
599
589
566