483
479
475
474
479
484
483
478
473
468
464
462
457
455
453
458
463
466
464
461
461
458
455
452
452
457
449
447
449
451
451
446
448
459
464
461
459
462
460
460
464
468
465
460
456
453
450
449
443
441
443
444
444
444
444
443
442
440
442
440
439
437
437
438
444
450
455
450
449
453
455
460
471
474
478
481
478
477
464
460
458
458
463
468
473
480
479
480
477
475
471
460
460
465
472
480
486
491
490
488
481
470
467
468
468
470
476
480
479
487
486
476
480
490
501
511
510
504
485
472
470
480
498
495
483
477
478
482
477
475
478
484
478
474
480
479
479
475
474
471
467
457
455
456
452
450
448
449
448
449
447
445
451
453
454
449
449
451
455
460
457
454
455
454
456
455
457
458
453
453
458
465
467
473
474
475
474
475
475
471
470
467
464
456
454
455
454
455
451
450
455
462
471
482
493
495
498
493
488
485
483
479
476
471
459
455
458
459
465
469
471
472
469
470
466
461
459
463
474
481
491
489
472
471
472
475
479
479
479
480
475
474
473
472
475
474
475
476
477
480
480
465
465
468
472
479
492
497
503
506
508
487
486
484
483
485
485
487
485
481
479
478
475
476
471
471
470
464
463
469
493
511
510
514
519
508
486
484
480
478
488
489
491
488
487
484
479
475
472
469
465
463
460
454
450
450
453
459
470
476
478
474
474
468
469
464
463
468
470
474
470
470
474
474
478
479
481
481
479
477
470
468
469
477
480
479
475
474
473
477
484
488
492
492
492
487
485
479
477
471
469
469
469
472
475
474
476
472
466
463
469
475
482
487
490
481
477
475
478
485
483
478
480
485
491
490
486
493
496
495
491
485
485
485
484
484
483
483
481
480
478
475
472
470
467
462
457
458
456
456
461
463
466
471
475
470
471
475
480
482
479
477
475
472
470
465
464
464
464
468
470
473
475
479
481
481
488
503
526
538
526
515
502
493
491
498
505
510
518
522
517
511
517
521
529
524
514
515
517
518
520
510
508
506
504
499
500
509
516
526
526
522
521
523
526
523
513
510
511
510
508
502
500
505
512
515
509
510
512
515
513
506
502
503
501
503
503
504
504
510
512
517
512
508
510
517
522
514
505
499
497
496
495
496
496
496
494
488
487
490
491
488
495
493
493
495
513
521
523
521
523
538
540
534
522
521
522
523
527
525
529
524
514
512
513
514
511
511
509
505
501
500
498
494
489
491
494
498
497
492
489
487
488
489
487
482
485
485
486
488
492
501
503
505
509
508
502
499
497
497
498
497
496
497
498
495
493
491
486
483
483
482
486
489
486
483
485
490
495
499
500
501
499
497
495
492
492
493
492
491
493
491
488
492
497
501
502
501
498
498
504
507
503
503
503
499
499
498
493
490
487
484
482
479
479
476
473
472
477
480
491
502
510
517
520
518
522
512
498
497
504
511
507
506
500
501
500
498
494
493
497
501
506
504
507
506
503
503
498
494
492
491
487
484
483
480
479
477
472
472
475
481
500
508
504
508
495
497
508
508
507
512
499
499
505
509
510
506
501
508
511
514
505
505
508
512
516
520
518
515
508
513
515
518
519
522
521
521
513
511
513
514
506
500
500
508
518
529
534
546
555
560
561
548
542
539
537
525
517
510
505
506
505
501
511
524
532
549
551
541
543
550
550
547
542
545
547
550
545
538
543
545
551
555
550
548
553
557
557
549
542
544
544
547
544
543
538
531
527
522
521
515
513
520
529
525
522
534
555
580
565
561
565
577
572
568
565
556
546
548
548
538
527
517
514
515
521
523
529
538
547
554
558
558
545
535
530
531
534
539
541
537
532
527
530
539
552
554
555
555
567
569
562
556
554
552
547
541
542
545
546
546
556
563
564
561
563
561
562
557
548
547
551
554
561
566
564
559
552
544
540
540
545
544
545
555
563
551
540
536
542
543
539
544
541
538
539
544
552
556
561
558
553
547
542
538
541
543
551
543
540
549
568
579
585
586
589
588
589
592
593
585
574
563
557
558
560
566
567
564
573
582
583
577
573
562
551
547
547
554
556
541
536
536
551
553
560
551
554
564
568
556
539
540
539
539
535
540
542
546
547
544
544
542
533
527
525
529
538
549
548
549
552
548
538
529
525
529
539
538
534
531
533
541
535
541
541
544
545
545
542
536
534
529
526
526
523
521
522
519
523
528
534
537
541
534
535
533
527
521
514
515
513
518
522
523
521
517
514
523
521
529
535
532
515
510
512
523
532
538
540
536
533
524
521
525
536
551
549
551
554
570
565
544
534
528
541