426
424
420
422
424
422
423
434
446
459
468
454
452
451
443
434
433
429
424
421
418
417
413
411
408
408
405
403
401
398
397
399
399
397
399
405
407
409
410
405
398
390
394
395
392
394
394
394
394
392
389
389
389
390
388
387
386
385
384
383
383
383
759
380
379
379
1142
382
382
382
380
378
757
377
376
376
376
375
375
375
374
374
373
375
374
374
374
374
373
374
372
373
373
375
375
378
378
379
379
379
379
380
378
377
377
377
376
377
376
378
377
377
377
376
373
372
373
373
374
375
377
378
377
374
378
377
378
381
381
381
381
381
381
380
378
377
374
378
376
378
378
384
381
382
383
380
377
380
379
381
381
381
381
382
381
380
379
377
375
374
372
373
372
374
376
382
386
397
393
397
396
400
398
397
399
400
396
396
395
389
392
391
388
387
385
387
384
380
761
381
384
384
383
384
385
386
390
388
389
393
395
393
396
399
403
405
406
406
405
401
400
396
396
395
397
400
404
405
406
410
414
412
411
414
412
414
412
410
409
408
406
405
406
404
403
402
402
405
407
412
414
421
427
431
434
433
433
431
430
427
423
425
422
419
418
418
424
431
435
429
430
430
427
427
427
427
431
432
430
431
431
427
424
421
416
414
410
409
406
405
407
414
416
424
438
447
459
440
446
457
468
464
466
447
446
445
445
441
435
433
438
439
446
453
445
445
452
455
455
455
448
442
444
443
442
442
444
451
453
455
451
445
451
454
450
446
447
439
438
437
430
429
428
429
429
428
435
435
436
440
441
438
433
429
424
420
420
418
421
422
423
429
427
429
427
427
429
436
435
434
430
429
429
428
428
429
430
433
437
433
434
432
434
431
436
432
432
438
442
441
437
440
448
451
450
445
446
444
441
437
435
435
438
439
439
437
443
448
454
458
453
450
455
459
458
457
454
447
442
440
439
439
439
441
444
452
457
461
463
476
479
477
477
469
462
456
450
447
442
441
440
438
438
430
427
426
426
429
431
434
432
433
432
431
428
425
425
421
417
416
412
411
410
415
420
422
428
428
427
430
428
425
420
417
415
415
413
413
412
414
412
410
410
410
410
407
410
410
413
413
416
412
409
403
403
402
399
400
400
399
398
396
394
393
395
397
400
399
397
399
401
398
396
394
395
394
394
394
392
392
390
390
388
386
386
387
386
389
390
391
393
391
388
389
390
390
388
392
391
390
391
387
385
386
383
382
382
382
384
383
384
385
388
389
387
771
387
772
386
386
384
384
388
384
384
382
381
382
382
382
384
382
383
385
385
385
382
384
388
388
389
389
392
390
392
390
388
386
387
386
386
386
385
385
382
382
381
380
380
379
379
380
381
381
384
388
1925
388
390
391
394
396
395
396
394
392
391
391
391
392
391
393
2725
394
392
393
391
391
389
387
385
386
384
384
381
381
381
380
380
380
378
376
377
377
379
378
381
382
1143
382
385
388
389
394
395
395
394
393
392
389
388
384
383
381
382
381
383
381
386
387
390
389
394
391
387
386
387
384
385
386
385
386
385
384
383
380
379
377
1898
390
394
400
404
406
407
406
406
398
406
401
403
401
401
396
395
393
389
773
387
773
387
390
393
389
391
387
388
386
384
383
381
382
377
378
377
378
377
377
379
382
381
382
382
381
382
380
380
380
379
377
378
377
754
378
379
382
384
384
384
383
385
382
387
379
381
381
384
383
385
385
383
382
384
382
1896
380
381
382
380
381
380
380
379
384
388
391
396
398
395
398
400
397
395
394
391
390
390
388
388
389
388
390
391
391
390
394
396
396
394
395
396
397
396
395
392
392
393
394
394
396
397
398
398
399
398
397
396
393
392
390
389
389
389
395
396
404
405
409
410
418
418
420
418
416
410
408
402
403
403
402
402
401
402
402
400
401
402
399
400
403
404
405
406
406
403
403
399
397
396
397
395
395
395
396
396
396
397
396
399
397
397
395
396
395
395
396
396
395
394
392
394
392
391
391
394
393
394
393
396
396
396
398
397
399
398
401
401
399
396
399
398
398
397
397
397
396
398
399
400
399
401
402
404
406
408
410
413
412
408
409
407
405
405
403
403
402
405
404
407
404
404
404
403
402
401
401
401
401
403
408
405
408
411
420
429
437
438
444
444
442
438
434
434
432
430
427
423
423
425
427
422
423
430
438
451
439
444
447
446
438
436
433
439
438
439
436
438
437
436
431
435
438
446
449
454
457
462
467
466
462
452
454
450
444
439
437
439
442
446
441
441
446
458
469
477
473
460
466
464
459
460
457
446
441
440
441
443
447
441
437
433
432
425
423
422
425
426
430
425
423
424
431
432
428
427
424
423
418
417
417
416
417
416
423
424
424
430
421
423
422
422
418
415
411
411
409
409
409
411
412
410
415
418
428
429
431
429
427
421
421
419
419
418
417
415
413
409
408
406
409
409
411
412
414
415
414
412
410
410
409
410
412
412
412
415
412
411
410
409
412
418
419
420
427
432
431
437
436
437
434
429
428
430
425
425
425
428
435
438
440
439
437
436
438
444
448
449
452
445
445
444
446
442
438
441
447
456
451
452
452
443
438
438
438
438
440
442
445
447
440
440
441
438
437
438
438
447
459
464
472
479
476