577
559
555
576
623
654
611
625
666
693
625
604
596
591
607
624
596
581
579
595
613
603
587
570
557
542
533
532
538
562
581
591
604
588
541
540
552
596
646
677
639
627
622
604
572
545
539
546
556
560
547
539
525
519
512
508
517
531
538
540
540
539
528
535
554
609
667
631
606
575
557
580
605
624
610
587
586
576
565
567
563
552
535
542
578
620
574
550
568
598
619
645
637
612
593
572
566
565
562
565
562
562
558
545
531
542
588
662
693
651
614
590
604
600
604
641
695
665
594
573
564
596
651
666
630
627
577
560
539
541
560
583
586
593
631
659
656
651
626
610
598
578
570
559
544
523
515
511
522
574
650
641
601
661
785
681
677
681
698
646
631
627
612
621
642
653
627
616
630
633
605
580
588
617
666
688
684
690
651
604
588
603
613
621
637
686
671
644
639
640
633
616
599
592
581
574
577
583
606
637
674
644
590
629
662
635
593
575
567
568
586
625
638
606
593
605
601
611
612
609
583
596
597
631
603
616
621
642
625
608
614
630
621
609
594
567
560
576
571
560
549
591
721
743
684
663
647
636
603
594
604
593
577
578
566
573
565
551
528
525
524
542
556
532
533
525
535
543
544
528
526
517
516
521
522
527
516
525
529
545
586
590
557
559
570
596
619
582
562
539
540
540
547
554
553
551
540
533
526
520
514
519
547
548
553
571
652
772
648
664
667
665
583
555
557
582
603
610
587
577
590
592
589
556
525
516
513
515
509
525
560
588
587
573
552
545
526
514
501
496
507
539
553
571
664
654
684
633
645
670
689
696
677
688
689
688
643
566
550
555
585
643
683
643
590
591
684
815
690
689
678
686
673
678
669
687
695
691
656
641
627
612
571
555
551
563
581
603
613
618
602
611
618
633
608
602
655
744
705
647
698
734
699
684
635
620
622
634
623
609
576
576
602
595
593
597
595
584
574
581
585
581
594
582
569
554
549
548
549
573
599
649
722
701
656
625
604
597
602
584
596
630
660
696
667
644
619
606
596
590
573
610
613
660
866
702
724
715
693
696
696
659
605
605
606
607
605
592
590
582
579
575
573
564
545
535
534
541
548
560
562
543
545
547
556
585
620
654
645
647
590
567
588
609
639
596
596
595
582
573
569
606
667
701
648
615
589
583
567
560
569
643
817
735
677
640
573
574
605
599
632
660
661
639
606
583
562
562
571
570
555
550
548
569
607
637
646
640
620
599
587
572
599
632
668
647
606
570
566
580
595
604
609
648
673
665
644
611
592
568
547
550
552
578
620
613
665
718
631
591
606
646
627
609
605
618
608
604
589
581
577
563
548
524
523
521
549
585
604
630
653
604
634
777
657
646
646
653
657
667
674
665
662
663
664
584
588
588
637
846
684
672
664
665
668
620
563
574
613
729
755
617
609
626
639
596
585
582
578
562
572
602
627
604
591
608
632
670
687
674
653
629
609
603
585
577
561
547
535
547
630
717
649
768
690
688
702
710
708
709
707
707
696
682
690
702
698
667
663
666
655
654
646
624
608
594
616
637
666
656
628
624
600
594
580
615
859
769
665
602
632
671
781
775
687
646
631
621
609
619
635
650
673
651
676
667
715
717
638
587
567
567
605
638
670
663
649
618
611
623
614
587
588
602
635
632
655
699
731
695
650
639
659
626
610
607
616
635
636
629
629
597
592
593
587
579
589
630
663
652
642
621
586
583
567
561
556
574
594
596
586
563
558
566
569
583
594
587
576
575
580
594
569
563
602
746
750
687
688
673
675
602
615
619
636
654
626
624
618
582
561
562
552
596
644
622
634
648
662
647
594
568
563
570
550
546
547
572
612
694
712
656
624
627
607
574
580
602
629
651
590
573
570
586
602
602
590
577
568
559
569
580
609
646
608
624
651
597
595
598
635
662
651
617
590
572
554
537
532
538
549
569
606
652
647
665
717
693
641
588
566
541
544
550
564
588
589
581
558
537
529
534
524
521
520
528
540
548
542
537
552
585
607
603
588
563
561
563
554
540
538
557
588
622
618
596
583
571
559
565
571
566
592
605
616
580
572
580
601
609
608
596
588
574
563
552
556
567
595
596
610
580
560
543
532
543
579
632
661
598
574
573
592
546
551
548
570
614
642
641
637
615
589
572
576
591
602
612
605
594
577
561
557
553
563
581
576
590
596
615
623
617
606
584
560
551
565
609
691
794
731
639
620
616
617
621
606
584
591
604
618
612
593
602
607
612
603
592
613
627
621
576
569
566
563
555
543
535
549
558
564
562
557
547
537
530
526
519
507
506
503
510
534
552
563
559
549
543
540
541
543
549
546
535
542
580
642
701
672
651
627
596
576
566
565
539
538
547
622
805
745
690
690
681
617
603
600
600
597
556
551
556
605
674
674
594
566
562
562
556
571
579
586
594
573
564
556
557
554
554
551
546
546
547
540
529
534
554
585
607
618
605
583
555
565
562
557
556
588
613
614
604
585
575
576
572
566
563
550
546
555
576
644
696
643
600
576
560
541
544
561
585
619
598
577
583
614
660
667
643
621
595
565
563
567
578
580
579
573
569
551
541
533
541
573
634
653
615
566
563
561
603
644
652
628
592
591
594
586
580
581
574
566
554
548
548
561
569
556
536
538
552
555
565
591
612
630
610
590
571
563
559
572
603
638
654
653
638
625
612
615
643
665
653
655
654
608