521
510
496
497
501
513
518
511
505
502
487
469
462
459
472
466
476
482
484
475
467
463
453
448
442
429
419
412
407
402
401
403
404
406
407
413
418
424
419
414
413
411
402
405
402
405
404
405
404
406
406
406
405
402
409
407
407
402
400
400
401
403
405
406
408
400
403
398
403
401
405
401
399
396
396
396
397
409
414
421
424
437
441
450
452
451
449
450
443
438
426
424
425
429
426
421
423
425
432
438
449
463
476
483
492
499
491
486
473
457
452
445
446
451
455
459
460
460
444
440
437
441
440
450
455
462
463
458
453
451
454
457
447
443
438
438
441
443
444
445
449
454
453
461
472
468
463
479
498
479
472
479
498
538
540
501
490
493
492
510
506
509
496
493
485
482
478
473
461
463
462
464
469
460
458
457
464
485
519
685
607
566
548
539
517
512
514
523
508
506
485
471
460
459
453
461
464
459
453
456
462
467
468
469
471
468
454
458
461
481
490
492
479
488
504
691
636
651
626
619
589
572
563
559
551
531
508
486
476
488
481
493
498
519
539
547
538
515
484
495
487
499
492
477
477
471
476
472
477
472
463
469
474
487
508
532
532
528
521
523
534
537
533
535
490
484
475
481
477
483
483
486
488
492
498
479
480
479
491
492
498
496
498
492
491
492
470
467
460
460
467
476
487
492
497
502
500
496
486
479
483
474
465
464
468
483
503
481
495
503
521
521
510
489
496
496
505
507
511
504
511
501
501
479
477
479
483
505
527
545
534
533
547
548
511
549
546
540
559
513
505
505
514
515
499
495
506
514
512
508
492
500
504
516
511
503
518
524
544
556
552
548
547
510
515
516
532
540
546
547
549
541
557
569
548
512
531
521
546
530
547
525
529
506
509
502
512
524
592
551
576
618
667
719
655
608
576
566
563
563
547
526
521
529
548
563
539
519
515
524
534
530
503
521
512
519
514
500
513
518
531
552
527
521
521
522
537
534
538
529
515
552
533
553
554
577
587
522
522
531
545
565
624
632
634
635
630
601
565
568
586
595
593
623
643
654
655
637
610
572
553
562
563
585
634
680
688
676
693
704
677
646
619
601
609
587
578
587
585
591
587
583
560
551
539
536
525
523
533
562
579
549
566
602
607
591
557
512
500
504
526
563
553
530
519
531
548
574
612
620
623
616
606
598
590
570
551
538
537
526
511
507
517
551
590
626
589
559
563
581
629
655
619
607
606
598
587
564
522
505
485
479
481
490
504
509
521
548
569
591
596
594
587
572
558
542
511
489
480
488
503
525
548
551
527
507
515
519
555
546
574
566
561
537
516
511
510
522
518
558
552
544
553
557
563
550
530
498
494
490
505
514
539
559
542
538
546
509
515
508
495
492
496
497
495
494
497
492
498
497
499
504
512
516
521
483
486
481
494
496
507
515
524
533
536
551
559
543
505
514
526
541
576
524
516
525
510
494
493
499
498
508
522
535
539
520
521
511
509
502
499
499
500
502
507
501
482
482
481
491
507
513
506
511
521
537
545
542
537
529
539
524
529
521
506
500
493
504
507
514
512
516
513
510
506
501
495
510
513
532
549
586
688
576
552
544
550
554
548
537
529
531
523
498
487
492
526
577
561
562
564
587
599
603
586
542
521
492
498
519
544
577
572
534
554
500
497
491
503
512
531
508
504
509
517
521
513
507
507
497
491
493
489
489
486
465
460
466
475
485
493
487
508
532
692
611
620
638
639
631
624
620
594
550
535
544
561
564
575
602
629
635
624
622
618
607
583
565
579
586
558
521
497
502
509
531
579
596
605
600
578
541
516
492
480
480
487
497
514
517
512
499
497
483
474
460
461
478
516
565
551
559
560
532
524
535
552
562
572
580
583
579
571
558
539
533
522
512
518
509
488
495
495
492
483
474
468
472
475
489
491
487
486
494
498
507
508
513
496
504
501
507
505
505
504
501
480
480
480
493
515
538
532
503
506
511
532
539
563
565
530
561
550
535
553
513
502
504
501
495
506
502
517
489
488
479
473
472
473
471
465
455
453
465
480
491
490
494
490
495
497
487
471
478
478
475
489
492
499
505
506
502
506
510
511
499
521
525
524
526
537
538
563
572
594
643
567
576
497
513
500
597
605
664
628
620
637
649
647
633
581
544
527
526
531
546
561
569
576
561
535
523
521
538
563
565
527
503
496
493
507
521
533
538
536
521
496
480
468
467
483
514
571
605
597
595
609
625
633
617
582
583
590
614
627
592
550
524
513
505
507
502
519
523
532
536
537
547
557
563
564
561
514
502
493
489
491
503
530
546
531
523
505
507
524
542
578
661
598
605
593
560
494
468
484
473
480
493
509
497
487
499
501
510
507
505
507
500
487
494
481
478
475
484
490
501
486
489
490
509
521
539
551
558
579
595
585
592
584
563
579
582
634
581
598
587
638
603
585
610
623
630
616
575
554
554
575
608
630
629
614
600
558
538
526
531
553
590
619
640
634
624
624
610
602
589
589
597
563
535
530
554
610
673
681
661
623
614
619
625
635
606
606
620
614
585
579
594
598
570
559
566
582
597
574
577
592
607
577
560
546
549
555
560
545
550
548
572
591
604
582
567
564
577
599
623
642
629
604
561
537
527
521
508
510
535
574
604
592
557
558
571
586
605
603
583
550
525
528
547
589
612
627
640
648
629
631
613
617
594
579
560
547
545
562
602
603
592
606
632
664
641
639
648
631
628
625
612
597
578
563
542
530
532
552
570
561
540
526
535
555
571
570
545
538
533
551
534
535
548
569
580
581
567
551
538
524
512
510
522
561
627
613
604
627
640
613
575
548
548
550
570
603
627
632
639
627
607
564
531
523
531
575
645
657
682
689
695
648
649
646
653
644
657
657
628
615
624
629
606
597
621
629
652
616
611
606
620
608
623
639
657
637
626
614
621
604
604
627
644
626
615
612
615
597
590
596
574
564
581
652
688
707
717
724
715
692
627
591
591
623
670
680
646
645
645
635
614
607
594
562
544
564
592
615
609
564
562
571
586
616
644
627
609
599
557
538
539
569
621
635
634
639
646
633
607
580
539
511
499
500
503
541
642
692
684
694
705
706
714
684
625
590
578
587
607
617
643
647
643
626
597
579
595
645
711
718
738
739
754
750
697
660
594
555
532
525
535
561
625
677
687
701
701
676
655
641
617
609
593
588
551
526
522
542
608
664
685
684
679
664
642
640
648
634
619
588
589
604
627
630
604
572
554
550
563
583
585
559
537
539
545
563
588
591
585
579
573
560
552
530
527
553
614
660
646
660
667
630
612
607
607
598
603
615
624
640
652
652
630
641
635
623
602
602
614
627
622
617
625
639
645
640
627
630
632
635
598
569
571
592
613
604
588
616
631
638
646
634
622
612
580
572
572
603
634
627
604
564
537
526
535
575
627
664
631
634
646
628
601
577
572
583
594
598
629
594
606
636
669
677
640
599
569
557
552
552
559
571
586
608
589
596
604
614
632
626
623
631
634
628
612
608
550
521
504
500
495
519
581
645
676
669
668
675
689
681
677
684
673
647